image: carto_260323_Lobby_map.pgm
resolution: 0.030000
origin: [-14.317087, -15.661923, 0.000000]
negate: 0
occupied_thresh: 0.65
free_thresh: 0.196

